5483
10966
16449
21932
27415
32898
38381
43864
49347
54830
60313
65796
71279
76762
82245
87728
93211
98694
104177
109660
115143
120626
126109
131592
137075
142558
148041
153524
159007
164490
169973
175456
180939
186422
191905
197388
202871
208354
213837
219320
224803
230286
235769
241252
246735
252218
257701
263184
268667
274150
279633
285116
290599
296082
301565
307048
312531
318014
323497
328980
334463
339946
345429
350912
356395
361878
367361
372844
378327
383810
389293
394776
400259
405742
411225
416708
422191
427674
433157
438640
444123
449606
455089
460572
466055
471538
477021
482504
487987
493470
498953
504436
509919
515402
520885
526368
531851
537334
542817
548300
